1 0.56484375 0.33828125 0.0484375 0.07109375
1 0.4859375 0.79296875 0.01796875 0.09453125
1 0.4828125 0.89453125 0.01328125 0.06640625
1 0.4671875 0.9671875 0.02109375 0.059375
1 0.5171875 0.328125 0.015625 0.01953125
1 0.4515625 0.0828125 0.01953125 0.03203125
1 0.4921875 0.25625 0.05625 0.05703125
1 0.4140625 0.203125 0.07421875 0.0640625
1 0.240625 0.196875 0.12109375 0.090625
1 0.34375 0.18828125 0.028125 0.0375
0 0.3953125 0.50390625 0.51484375 0.98359375
1 0.521875 0.56953125 0.0875 0.303125