1 0.4125 0.6890625 0.02734375 0.03671875
1 0.40625 0.73671875 0.02109375 0.03515625
1 0.45390625 0.70703125 0.0078125 0.009375
1 0.52734375 0.790625 0.05234375 0.04375
1 0.478125 0.82109375 0.02890625 0.01953125
1 0.2828125 0.78125 0.0203125 0.01953125
1 0.30625 0.746875 0.01484375 0.02421875
0 0.4625 0.68203125 0.47890625 0.2984375
1 0.675 0.603125 0.0359375 0.0296875
1 0.6296875 0.64921875 0.01328125 0.01484375
1 0.59765625 0.69375 0.02421875 0.034375
1 0.5578125 0.753125 0.02890625 0.04296875