1 0.896875 0.68671875 0.04609375 0.04921875
1 0.81484375 0.70546875 0.059375 0.05546875
1 0.4296875 0.68984375 0.0609375 0.03828125
1 0.7453125 0.41015625 0.0515625 0.0640625
1 0.72734375 0.27578125 0.02890625 0.128125
1 0.64453125 0.409375 0.02890625 0.0578125
1 0.434375 0.2703125 0.4484375 0.446875
1 0.18515625 0.5234375 0.1109375 0.3421875
1 0.2578125 0.72578125 0.2015625 0.09609375
0 0.1546875 0.678125 0.10703125 0.11328125
0 0.86796875 0.62421875 0.075 0.08125
0 0.79296875 0.13671875 0.16328125 0.2390625
0 0.38203125 0.178125 0.53984375 0.33984375
0 0.0734375 0.209375 0.10546875 0.39296875