1 0.87421875 0.79765625 0.21328125 0.2203125
1 0.715625 0.64453125 0.071875 0.0515625
1 0.1328125 0.76640625 0.25625 0.3296875
1 0.85625 0.2921875 0.02109375 0.03984375
1 0.79921875 0.2765625 0.03671875 0.0484375
1 0.67734375 0.23046875 0.075 0.0484375
1 0.60390625 0.1921875 0.02578125 0.034375
1 0.42421875 0.31953125 0.03046875 0.0484375
1 0.3359375 0.24609375 0.04609375 0.06328125
1 0.26875 0.2265625 0.053125 0.07421875
1 0.18125 0.26484375 0.0765625 0.1
1 0.4578125 0.203125 0.03984375 0.034375