0 0.25390625 0.51015625 0.49609375 0.9625
1 0.59921875 0.45546875 0.06640625 0.07734375
1 0.79140625 0.18125 0.03515625 0.03359375
1 0.109375 0.153125 0.15546875 0.23515625
1 0.29296875 0.44453125 0.08828125 0.46015625
1 0.275 0.77265625 0.02734375 0.09609375
1 0.47265625 0.91953125 0.01875 0.02734375
1 0.59453125 0.96875 0.028125 0.05859375
1 0.415625 0.26796875 0.015625 0.02734375
0 0.8125 0.225 0.3609375 0.4375
1 0.38125 0.28984375 0.01796875 0.03359375
1 0.32109375 0.78671875 0.02265625 0.03515625
1 0.43828125 0.94296875 0.01796875 0.01875