0 0.46171875 0.6890625 0.46640625 0.28515625
1 0.4796875 0.8234375 0.0265625 0.01640625
1 0.57265625 0.7359375 0.02265625 0.03125
1 0.5296875 0.7109375 0.01796875 0.0296875
1 0.45 0.73359375 0.00703125 0.015625
1 0.365625 0.70546875 0.03828125 0.0515625
1 0.3984375 0.725 0.01640625 0.01484375
1 0.40078125 0.690625 0.0125 0.015625
1 0.6703125 0.64921875 0.01796875 0.0203125
1 0.19765625 0.8140625 0.01640625 0.021875
1 0.61953125 0.690625 0.01328125 0.01484375
1 0.52109375 0.79921875 0.01875 0.01875
1 0.68515625 0.59921875 0.009375 0.01484375