1 0.75703125 0.675 0.1171875 0.121875
1 0.5609375 0.32421875 0.090625 0.1078125
1 0.5140625 0.42734375 0.0625 0.09375
1 0.27578125 0.35546875 0.0640625 0.06796875
1 0.3765625 0.62109375 0.071875 0.059375
1 0.6359375 0.66796875 0.025 0.03984375
1 0.44921875 0.48984375 0.0390625 0.05390625
1 0.48515625 0.27734375 0.0390625 0.09921875
1 0.35859375 0.340625 0.0203125 0.0453125
1 0.5015625 0.1703125 0.021875 0.034375
1 0.465625 0.72578125 0.021875 0.03671875
0 0.70625 0.6125 0.146875 0.1390625
0 0.396875 0.33203125 0.084375 0.159375
0 0.39609375 0.5640625 0.1859375 0.27578125