1 0.565625 0.86796875 0.1859375 0.25546875
1 0.58984375 0.7109375 0.05234375 0.03984375
1 0.578125 0.63671875 0.0265625 0.05078125
1 0.5078125 0.61328125 0.0609375 0.0578125
1 0.446875 0.578125 0.0640625 0.09765625
1 0.39296875 0.77421875 0.03359375 0.046875
1 0.14609375 0.621875 0.0375 0.053125
1 0.3515625 0.9796875 0.03125 0.0265625
1 0.4453125 0.515625 0.03515625 0.0265625
1 0.49453125 0.43984375 0.16640625 0.0625
1 0.6234375 0.4375 0.0671875 0.04453125
1 0.771875 0.35078125 0.0640625 0.13359375
1 0.6703125 0.30703125 0.0421875 0.10703125
1 0.6359375 0.38671875 0.0984375 0.0359375
1 0.54609375 0.234375 0.02734375 0.0421875
0 0.6453125 0.25 0.47890625 0.4640625
0 0.73046875 0.80703125 0.20625 0.36875