1 0.35 0.615625 0.2296875 0.2265625
1 0.121875 0.828125 0.04375 0.0640625
1 0.36875 0.83984375 0.05234375 0.04921875
1 0.5703125 0.8296875 0.12734375 0.10859375
1 0.66171875 0.7625 0.17109375 0.0796875
1 0.6296875 0.6890625 0.11015625 0.0578125
1 0.79921875 0.70703125 0.0515625 0.0359375
1 0.85625 0.51796875 0.1421875 0.04453125
1 0.8203125 0.6375 0.0859375 0.03984375
1 0.6109375 0.4703125 0.26640625 0.1265625
1 0.559375 0.54921875 0.1890625 0.03125
1 0.4234375 0.42421875 0.0625 0.053125
1 0.79453125 0.36875 0.10390625 0.24921875
1 0.86953125 0.1765625 0.0359375 0.08203125
0 0.45546875 0.30234375 0.8984375 0.578125