1 0.24296875 0.675 0.1171875 0.121875
1 0.4390625 0.32421875 0.090625 0.1078125
1 0.4859375 0.42734375 0.0625 0.09375
1 0.72421875 0.35546875 0.0640625 0.06796875
1 0.6234375 0.62109375 0.071875 0.059375
1 0.3640625 0.66796875 0.025 0.03984375
1 0.55078125 0.48984375 0.0390625 0.05390625
1 0.51484375 0.27734375 0.0390625 0.09921875
1 0.64140625 0.340625 0.0203125 0.0453125
1 0.4984375 0.1703125 0.021875 0.034375
1 0.534375 0.72578125 0.021875 0.03671875
0 0.29375 0.6125 0.146875 0.1390625
0 0.603125 0.33203125 0.084375 0.159375
0 0.60390625 0.5640625 0.1859375 0.27578125