1 0.3296875 0.6421875 0.040625 0.01796875
1 0.52265625 0.66875 0.021875 0.02109375
1 0.6453125 0.6015625 0.02421875 0.01953125
1 0.6828125 0.60390625 0.01953125 0.01953125
1 0.59140625 0.58671875 0.05625 0.034375
1 0.84375 0.44609375 0.06484375 0.025
1 0.12109375 0.52578125 0.04140625 0.0375
1 0.5421875 0.446875 0.015625 0.01640625
1 0.75390625 0.46875 0.021875 0.01796875
1 0.7796875 0.43203125 0.03203125 0.021875
0 0.14921875 0.49609375 0.14453125 0.11953125
0 0.33359375 0.5796875 0.1125 0.1515625
0 0.4484375 0.6234375 0.03671875 0.0640625
0 0.52265625 0.640625 0.04375 0.08359375
0 0.77734375 0.503125 0.43125 0.25859375
0 0.5875 0.421875 0.10390625 0.05859375