1 0.17109375 0.75703125 0.1703125 0.059375
1 0.31640625 0.7203125 0.0296875 0.04296875
1 0.4203125 0.2796875 0.1125 0.1734375
1 0.48359375 0.39453125 0.0828125 0.125
1 0.55546875 0.528125 0.0859375 0.14765625
1 0.6578125 0.66640625 0.084375 0.0765625
1 0.78984375 0.31796875 0.0734375 0.08515625
1 0.521875 0.20703125 0.05625 0.13046875
1 0.5015625 0.07265625 0.0375 0.0484375
1 0.68359375 0.28984375 0.0171875 0.05703125
1 0.5515625 0.79375 0.03125 0.03125
1 0.3890625 0.7328125 0.034375 0.03984375
1 0.65 0.37890625 0.053125 0.059375