1 0.5875 0.6890625 0.02734375 0.03671875
1 0.59375 0.73671875 0.02109375 0.03515625
1 0.54609375 0.70703125 0.0078125 0.009375
1 0.47265625 0.790625 0.05234375 0.04375
1 0.521875 0.82109375 0.02890625 0.01953125
1 0.7171875 0.78125 0.0203125 0.01953125
1 0.69375 0.746875 0.01484375 0.02421875
0 0.5375 0.68203125 0.47890625 0.2984375
1 0.325 0.603125 0.0359375 0.0296875
1 0.3703125 0.64921875 0.01328125 0.01484375
1 0.40234375 0.69375 0.02421875 0.034375
1 0.4421875 0.753125 0.02890625 0.04296875