1 0.81328125 0.69296875 0.34921875 0.303125
1 0.19453125 0.6859375 0.13046875 0.19140625
1 0.6015625 0.53671875 0.26953125 0.0625
1 0.23828125 0.40546875 0.29296875 0.0359375
1 0.4265625 0.57265625 0.04140625 0.06875
1 0.37734375 0.6765625 0.01796875 0.04375
1 0.984375 0.41015625 0.025 0.0234375
1 0.765625 0.40546875 0.0296875 0.0171875
1 0.0265625 0.41953125 0.0484375 0.0125
1 0.7421875 0.43828125 0.03515625 0.015625
1 0.72890625 0.46015625 0.0625 0.028125
1 0.64375 0.45234375 0.04140625 0.01875
1 0.634375 0.4921875 0.0296875 0.0234375
1 0.57265625 0.4984375 0.04453125 0.0234375
1 0.77734375 0.48984375 0.01796875 0.025
1 0.3828125 0.79140625 0.0765625 0.11640625
0 0.8 0.3046875 0.3578125 0.2671875
0 0.24921875 0.296875 0.4515625 0.19453125