1 0.62421875 0.66796875 0.05234375 0.0640625
1 0.40859375 0.70703125 0.02734375 0.06484375
1 0.3078125 0.74921875 0.01640625 0.03203125
1 0.27578125 0.7484375 0.015625 0.0296875
1 0.484375 0.815625 0.01875 0.01328125
1 0.2703125 0.7859375 0.00859375 0.01015625
0 0.46328125 0.69140625 0.47578125 0.28984375
1 0.6875 0.60078125 0.01953125 0.01953125
1 0.54140625 0.778125 0.0359375 0.03515625
1 0.45546875 0.70390625 0.00859375 0.01171875
1 0.45703125 0.8296875 0.00859375 0.009375
1 0.57109375 0.7359375 0.02578125 0.04375
1 0.21171875 0.81953125 0.03203125 0.03359375