1 0.91796875 0.92421875 0.025 0.03515625
1 0.86640625 0.928125 0.03515625 0.03671875
1 0.809375 0.93203125 0.0375 0.0265625
1 0.7328125 0.90703125 0.02109375 0.0296875
1 0.5828125 0.72578125 0.0140625 0.028125
1 0.5078125 0.76015625 0.03203125 0.0234375
1 0.46796875 0.75 0.02421875 0.0203125
1 0.41953125 0.73359375 0.0203125 0.0265625
1 0.428125 0.6828125 0.01484375 0.03203125
1 0.284375 0.70390625 0.03125 0.025
1 0.23203125 0.6703125 0.040625 0.0296875
1 0.16796875 0.6484375 0.0140625 0.0203125
1 0.13125 0.6359375 0.0234375 0.025
1 0.65078125 0.865625 0.03828125 0.03203125
1 0.603125 0.834375 0.0109375 0.03515625
0 0.5015625 0.48046875 0.98828125 0.928125