1 0.6703125 0.6421875 0.040625 0.01796875
1 0.47734375 0.66875 0.021875 0.02109375
1 0.3546875 0.6015625 0.02421875 0.01953125
1 0.3171875 0.60390625 0.01953125 0.01953125
1 0.40859375 0.58671875 0.05625 0.034375
1 0.15625 0.44609375 0.06484375 0.025
1 0.87890625 0.52578125 0.04140625 0.0375
1 0.4578125 0.446875 0.015625 0.01640625
1 0.24609375 0.46875 0.021875 0.01796875
1 0.2203125 0.43203125 0.03203125 0.021875
0 0.85078125 0.49609375 0.14453125 0.11953125
0 0.66640625 0.5796875 0.1125 0.1515625
0 0.5515625 0.6234375 0.03671875 0.0640625
0 0.47734375 0.640625 0.04375 0.08359375
0 0.22265625 0.503125 0.43125 0.25859375
0 0.4125 0.421875 0.10390625 0.05859375