1 0.89375 0.784375 0.134375 0.19296875
1 0.740625 0.796875 0.028125 0.059375
1 0.57734375 0.33359375 0.2203125 0.315625
1 0.5265625 0.05 0.040625 0.059375
1 0.478125 0.5921875 0.115625 0.128125
1 0.35078125 0.75 0.1234375 0.13671875
1 0.18046875 0.33984375 0.0828125 0.09921875
1 0.34921875 0.40078125 0.0671875 0.07421875
1 0.309375 0.30078125 0.025 0.05703125
0 0.365625 0.27109375 0.134375 0.20703125
0 0.39375 0.715625 0.31875 0.38671875
1 0.66015625 0.82109375 0.0390625 0.03984375
1 0.47421875 0.89765625 0.0359375 0.03984375