1 0.75703125 0.8390625 0.03671875 0.02421875
1 0.7078125 0.8234375 0.0390625 0.04140625
1 0.5796875 0.778125 0.11640625 0.10390625
1 0.59765625 0.6859375 0.0125 0.01640625
1 0.5140625 0.690625 0.14453125 0.090625
1 0.375 0.7296875 0.06640625 0.08671875
1 0.3328125 0.75859375 0.01328125 0.025
1 0.27890625 0.721875 0.02734375 0.03515625
1 0.3734375 0.60625 0.01640625 0.01953125
1 0.4546875 0.85390625 0.04453125 0.0109375
1 0.41171875 0.85390625 0.01484375 0.01015625
1 0.375 0.853125 0.01640625 0.0109375
1 0.3109375 0.84921875 0.05546875 0.01171875
1 0.27578125 0.86328125 0.06484375 0.01484375
1 0.12734375 0.8609375 0.0546875 0.01328125
1 0.11484375 0.8109375 0.01328125 0.01328125
1 0.20703125 0.85 0.0125 0.01328125
0 0.603125 0.64140625 0.578125 0.334375
0 0.340625 0.8390625 0.28984375 0.05546875