1 0.79921875 0.7734375 0.03203125 0.06171875
1 0.734375 0.81640625 0.05078125 0.0546875
1 0.625 0.75625 0.04375 0.053125
1 0.5828125 0.80703125 0.10078125 0.0484375
1 0.61015625 0.69140625 0.00703125 0.0109375
1 0.31640625 0.5859375 0.015625 0.0140625
1 0.45703125 0.84921875 0.06015625 0.01171875
1 0.3921875 0.85078125 0.0109375 0.009375
1 0.35234375 0.84921875 0.05 0.01171875
1 0.3140625 0.8609375 0.01171875 0.01328125
1 0.2875 0.8640625 0.02421875 0.015625
1 0.26171875 0.86328125 0.01484375 0.0109375
1 0.13359375 0.85859375 0.06328125 0.01875
1 0.2140625 0.85234375 0.01328125 0.01015625
1 0.503125 0.734375 0.0234375 0.0296875
1 0.3625 0.7171875 0.0234375 0.0234375
1 0.38515625 0.74609375 0.03671875 0.021875
1 0.51640625 0.68203125 0.14375 0.0703125
1 0.3609375 0.66015625 0.11640625 0.121875
0 0.62109375 0.66796875 0.59609375 0.32109375
0 0.26328125 0.84921875 0.12578125 0.03984375