1 0.74453125 0.48671875 0.0828125 0.0640625
1 0.44140625 0.61015625 0.0515625 0.0703125
1 0.55703125 0.58203125 0.05078125 0.0265625
1 0.63203125 0.54453125 0.01875 0.0203125
1 0.6828125 0.52265625 0.01953125 0.0234375
1 0.71328125 0.4 0.01015625 0.021875
1 0.6890625 0.39921875 0.0171875 0.0328125
1 0.6328125 0.3921875 0.02890625 0.025
1 0.5578125 0.40703125 0.09140625 0.0515625
1 0.49140625 0.40859375 0.01875 0.0171875
1 0.17421875 0.665625 0.01953125 0.028125
1 0.1 0.6125 0.0265625 0.028125
1 0.3078125 0.68984375 0.16953125 0.1390625
0 0.57265625 0.33046875 0.64609375 0.6453125
1 0.22421875 0.56171875 0.00859375 0.0140625