1 0.88515625 0.56171875 0.0359375 0.05078125
1 0.67265625 0.62421875 0.09609375 0.0453125
1 0.5640625 0.6453125 0.090625 0.040625
1 0.396875 0.65859375 0.02890625 0.03671875
1 0.33671875 0.6765625 0.02890625 0.0171875
1 0.2171875 0.6828125 0.0140625 0.0171875
1 0.1625 0.696875 0.04609375 0.0390625
1 0.103125 0.71875 0.03125 0.015625
1 0.06875 0.71875 0.0125 0.015625
1 0.02109375 0.72578125 0.0390625 0.01953125
1 0.47265625 0.6578125 0.01484375 0.01328125
1 0.43359375 0.6671875 0.0234375 0.01171875
1 0.29609375 0.67734375 0.01484375 0.01328125
1 0.2703125 0.6859375 0.01484375 0.01328125
0 0.4984375 0.3609375 0.98984375 0.70546875