1 0.10625 0.784375 0.134375 0.19296875
1 0.259375 0.796875 0.028125 0.059375
1 0.42265625 0.33359375 0.2203125 0.315625
1 0.4734375 0.05 0.040625 0.059375
1 0.521875 0.5921875 0.115625 0.128125
1 0.64921875 0.75 0.1234375 0.13671875
1 0.81953125 0.33984375 0.0828125 0.09921875
1 0.65078125 0.40078125 0.0671875 0.07421875
1 0.690625 0.30078125 0.025 0.05703125
0 0.634375 0.27109375 0.134375 0.20703125
0 0.60625 0.715625 0.31875 0.38671875
1 0.33984375 0.82109375 0.0390625 0.03984375
1 0.52578125 0.89765625 0.0359375 0.03984375