1 0.08203125 0.92421875 0.025 0.03515625
1 0.13359375 0.928125 0.03515625 0.03671875
1 0.190625 0.93203125 0.0375 0.0265625
1 0.2671875 0.90703125 0.02109375 0.0296875
1 0.4171875 0.72578125 0.0140625 0.028125
1 0.4921875 0.76015625 0.03203125 0.0234375
1 0.53203125 0.75 0.02421875 0.0203125
1 0.58046875 0.73359375 0.0203125 0.0265625
1 0.571875 0.6828125 0.01484375 0.03203125
1 0.715625 0.70390625 0.03125 0.025
1 0.76796875 0.6703125 0.040625 0.0296875
1 0.83203125 0.6484375 0.0140625 0.0203125
1 0.86875 0.6359375 0.0234375 0.025
1 0.34921875 0.865625 0.03828125 0.03203125
1 0.396875 0.834375 0.0109375 0.03515625
0 0.4984375 0.48046875 0.98828125 0.928125