1 0.103125 0.68671875 0.04609375 0.04921875
1 0.18515625 0.70546875 0.059375 0.05546875
1 0.5703125 0.68984375 0.0609375 0.03828125
1 0.2546875 0.41015625 0.0515625 0.0640625
1 0.27265625 0.27578125 0.02890625 0.128125
1 0.35546875 0.409375 0.02890625 0.0578125
1 0.565625 0.2703125 0.4484375 0.446875
1 0.81484375 0.5234375 0.1109375 0.3421875
1 0.7421875 0.72578125 0.2015625 0.09609375
0 0.8453125 0.678125 0.10703125 0.11328125
0 0.13203125 0.62421875 0.075 0.08125
0 0.20703125 0.13671875 0.16328125 0.2390625
0 0.61796875 0.178125 0.53984375 0.33984375
0 0.9265625 0.209375 0.10546875 0.39296875