1 0.65 0.615625 0.2296875 0.2265625
1 0.878125 0.828125 0.04375 0.0640625
1 0.63125 0.83984375 0.05234375 0.04921875
1 0.4296875 0.8296875 0.12734375 0.10859375
1 0.33828125 0.7625 0.17109375 0.0796875
1 0.3703125 0.6890625 0.11015625 0.0578125
1 0.20078125 0.70703125 0.0515625 0.0359375
1 0.14375 0.51796875 0.1421875 0.04453125
1 0.1796875 0.6375 0.0859375 0.03984375
1 0.3890625 0.4703125 0.26640625 0.1265625
1 0.440625 0.54921875 0.1890625 0.03125
1 0.5765625 0.42421875 0.0625 0.053125
1 0.20546875 0.36875 0.10390625 0.24921875
1 0.13046875 0.1765625 0.0359375 0.08203125
0 0.54453125 0.30234375 0.8984375 0.578125