1 0.03359375 0.5015625 0.06640625 0.059375
1 0.2296875 0.590625 0.21015625 0.06171875
1 0.36328125 0.60234375 0.0265625 0.01875
1 0.709375 0.58671875 0.078125 0.0546875
1 0.434375 0.60859375 0.021875 0.02109375
1 0.1625 0.5046875 0.11796875 0.03828125
1 0.26171875 0.3546875 0.03984375 0.06640625
1 0.26640625 0.48359375 0.0703125 0.06640625
1 0.47734375 0.309375 0.125 0.05234375
1 0.58203125 0.375 0.053125 0.07890625
1 0.66484375 0.4 0.0796875 0.03828125
1 0.8953125 0.47265625 0.1234375 0.040625
1 0.575 0.64140625 0.0296875 0.03125
1 0.32578125 0.340625 0.028125 0.03359375
1 0.01796875 0.5453125 0.0296875 0.02890625
0 0.496875 0.3234375 0.9765625 0.6140625